746
1
79 88
57 72
65 80
90
84 85
92
20 31
76 68
94 71
83
81
32 10
37 27
40 91
42
29
89
50
58 93
99 54
30 82
61 36
75
41
98
66 46
77
8 6
39
28
44 95
18 53
51 97
25
24
9
60
22
55 47
56
87
23
48
5
73
70
49 64
35
34
52 26
63
21
38
96 69
33
4
78
62
0 86
19
43
59 2
15 12
17
11
45
13
14
74
7
3
16
100
196
198 173
178
192
108 128
138 175
189
124 118
158 117
134 143
105 153
115 180
195 150
104 123
168 171
114 131
182 146
116 126
193
156 172
197
187
184
190 185
142
135
125
162 151
101 199
191 163
186
170
149
181
129 169
167
127
183 152
174
122
141
144 137
159
121
148
179
188 165
160 161
194
136
166
140
145
177
176
154
120
111
139
155 130
112
147 157
132
119 133
110
109
107
113
164
106
103
201
280 214
248 215
276
299
294
230
283
243 256
226 295
296
262 253
206 204
284
207 242
257 227
289 252
233
238 264
239
269 290
273 291
272
275
249 218
292
220
219
200 288
278
260
259 270
271 237
285 266
250 297
265
222
251
261
223 224
293
282
217
254
279
277
247
263 231
267
255
229
232
213
286
212
225
241
235
211
244 234
287
258
228
281
221 246
210
245
209
205
203
274
216
298
240
268
208
202
300
322 321
371 337
373 363
384 344
304 394
372 327
318 310
338 331
366 336
350 345
386 359
382 368
341 339
306 335
390 375
388 399
393
380
369
340
349
397
389
374
377
329
376 383
385 355
392 398
391
347
364
333
317
361
396
357
352
381
370
378
315
358
324 365
332
387
354
311
348
351
326
319
316
334
360
362
356
309
346
325
308
305
323
303
379
313
330 395
302
367
328
312
301
320
353 343
314
342
400
407 403
410 476
493
443 466
482 415
470 414
438 424
422 427
402 408
492 405
486
488
478 426
452 418
497
455 458
457
417 496
419 428
437 445
483
463
444 498
449 447
480
434 464
485
499
468
465 487
494 471
431
429
462
432 469
409 481
461 474
454 475
467
430
420
442
435
456
450
473
441
416
453
436
413 484
472
401 495
411
491
448
439
460
433
479
489
423
412
440
425
406
451
446
459 490
477
404
421
500
529 599
534 528
568 544
512 548
527 523
525 579
510 524
571 503
582 587
554
537 517
560
576
594
588
572 547
540
592
555
598 589
549
575
538
542 580
586 581
585 566
578 564
570
530
551
558 521
550
545 590
591
583 513
563 553
562 535
595 577
556
526
597
569
520
519
541
516
522 511
536
567
596
514
593
509
584
501 552
565
561
557
543 573
515
508
574
546
539
507
533
532
531
559
506
505
504
502
602
670 625
622 657
653 601
631 685
694
664 628
636 615
617 668
632 607
662 612
673 633
660 635
609 698
683 697
689 661
690
665 681
624 620
637 608
666 634
659 618
686 651
680
650
667
691
682
640
674 676
684 630
647
688
645
654
679
693
652
658
677
672
646
639
627
603 619
644
626
648
692
649
655
671
696 695
629
614
621
678
656
613
611
687
669
641
623
616
642
610
605
643 675
600 699
638
604
663
606
702
799
710 781
744 789
716 783
770 709
751 705
795 735
703 701
792
700 794
777
786
731 715
767
764
761
714 711
765 774
749 798
787
785
775
752 782
768
780
748
728
737 717
790
755
791
771
742
732
754
784
779
730
741
743
736
776
733
772
722
729
747
756
766
746
718
725
726 750
724
727
719
769 740
713
712
723
734
708
758 759
797 796
753 788
763 793
707
745
721 773
762 760
757
738
706
739
778
704
802
840 835
833 858
881 876
884 832
872 825
894 824
816 805
834 817
895
867
877
818 856
892 879
897 862
890
899
870
861 885
854
849
880
889
814 810
896
863
860
891 808
813 806
898 866
888
859
874
875
851
831
836
873 828
869
865
826
822
843
821
893
830
846 838
871 837
882 857
855
845
848
842
820
864
823
852
878
844
839
815
812
887
850
847 883
800 853
811
809
807
827
829
804
803
841 868
886
819
900
994
918 910
911 940
952 968
981 956
961 927
958 930
941 903
965 967
960 979
915 953
972
962
971
945 984
912 934
947 929
978
957 990
974 973
993 985
969
997
919 980
998
949 988
943 928
964
942
976
944
933
901 946
989
926
925
987
938
992
970
986
935
975
920 916
921
954
951
939
936
948
917
914
959
924
966
983
923
932 999
913
907
908
963
950
922
955
906
905
931
977 996
909 904
937 995
982 991
