750
1
914
792
119 133
2 15
67 929
285 244
529 97
353 94
190 71
564 410
578 359
876 345
12 471
26 673
386 988
524 571
55 615
945 701
498 155
327 257
116 250
653 612
64 65
990 788
943 758
96 69
180 61
949 686
986
625 537
76 68
534 801
79 88
589 428
199 901
427 52
384 280
18 322
53 37
658
809
921
163 117
324 365
954
918 930
104 123
806 129
49 643
675 273
797 449
175 330
156 249
8 666
518 510
115 475
595 759
306 703
383 318
527 521
892 118
338 171
252 173
824 207
253 227
408 492
898 405
130 128
191 158
956 716
6 59
221 573
711 490
291 183
47 57
891 366
635 996
726 800
218 146
242 58
835 417
54 144
269 182
770 414
131 20
582 31
66 46
980 243
928 676
86 223
903 699
304 572
552 418
868 841
787
944
895
780
691
875
214 321
672
151 834
786
851
697 774
624 838
40 169
974 91
603 147
960 437
957 195
93 99
331 336
399 633
825 587
708
886
729
922
900
843
548 466
822
975
84 85
909 476
751 709
206 168
651 517
419 126
72 967
812
763 871
887
772
746
913
667
695 981
810 765
535 447
840 882
932 999
682
842
530
798 382
976
642
863
680
621
693
544 689
656
392 805
368 731
581 885
443 705
915 426
432 710
299
804
721 872
372 717
150 224
484 134
829
878
785
764
821
760 816
803
936
138 814
238 152
482 952
696 398
685 683
883 769
160 740
297 385
948
554
694
854
722
978
650
924
641
992
420
292
648
962
310 246
743
734
702
977 512
888
649
655
565
732
958 750
791
268
677
802
795 910
237 444
866 700
698 832
989
831
591
513 911
553 608
577 562
556
923
613
727
516
794 522
857 599
481 789
44 458
873 153
452 344
590 474
982 665
628 124
605
964
793 919
867
520
610
790
646
766
679
819
435
441
351
491
669
865
687
626
893
629
543 737
51 979
32 10
940 157
542 204
714 459
846 630
403 270
271 101
525 579
618 558
357
192
189
724
593
440
719
346
592
540
549
654
784
377
781 985
425
400
748
493
890
899
288 454
95 30
137 82
445 289
583 607
662 973
350 897
817 934
337 185
266 188
916 161
993 904
826
551
320
102 684
631 236
413 409
597
738
486
690
412
584
501 632
333
430
507
429
550
376 464
733
326
348
611
741
477
559
439
316
889
231 636
966
950
736
334
506
499
723
532
877
640
360
473
639
569
645
983
652
397
623
845
369
941 953
362
356
933
354
309
644
907
536
325
638
946 937
896
706
836
389
634 659
752 782
448
352
761
998
381
942
848
541
465 902
568 563
274
0 828
230
515
497
200 858
881 262
617 668
390 371
661 395
341 796
469 818
478 619
528 856
283
332
778
416
453
799
396
387
313
503 402
531
472
725
323
489
312
311
349
374
319
303
379
284
342
340
233
545 995
339 861
461 660
415 753
879 657
165 455
744 264
114 808
813 259
380
358
509
969
707
561
647
557
239
272
580 609
248 495
987
526
939
314
308
301
488
202
728
961 424
307 172
925
815
355 622
108 947
468
502
830
241
670 912
991 762
972
712
908
678
747
594
570
951
391
329
504
494 585
347
315
193
994
205
90
127
219
27 343
256 162
749 438
955
278
222
869
514
480
852
663
870
604
713
217
229
576
317
232
174
704
240
212
113
287
431
186
276
179
905
777
364
375 681
833 470
80 198
105 234
853 837
394 620
927 884
225
393
859
305
235
519
209
194
467
267
692
457
463
282
164
139
293
145
768
279
261
260
767
247
917
671
776
255
855
177
106
220
149
546
601 783
216
407 862
560
771
298
754
926
92
688
143 715
148
411
245
187
121
201
159
370
404
136
166
296
479
938
111
423
756
539
258
112
132
83
860
965 335
184
755
81
462
450
178
839
42
29
141
103
294
286
388 422
971
739
500
906
213
89
446
300
827
109
997
290 496
820
864
483
275
850
598 487
533
742
251
50
210
508
574
807
406
451
745
773 600
757
75
616
142
41
433
170
98
140
77
39
135
28
456
302
505
367
176
614
373 295
120
25
602
24
125
421
9
434 215
720 566
60
197
22
775
555
181
730
254
718
277
361
56
87
228
328
281
211
23
523 674
779
963
847 547
36 263
567
596
48
935
110
5
73
931
70
378
265
823
844
154
35
460
874
34
63
21
203
627
959
849
38
735 920
586 664
984 894
575
970
208
33
4
880
588
167
78
811
442
62
19
43
122
17
11
511 968
226 401
637 363
45
13
606
485
107
14
74
100
196
538
436
7
3
16
